{
  "asset": {
    "version": "2.0",
    "generator": "GLTFExporter"
  },
  "scenes": [
    {
      "name": "AuxScene",
      "nodes": [
        66
      ]
    }
  ],
  "scene": 0,
  "nodes": [
    {
      "rotation": [
        -0.0876073008607898,
        -0.6887803622736721,
        0.09080304381887089,
        0.7139057224979111
      ],
      "translation": [
        -39.34042211683016,
        1379.8323266797029,
        2617.5946007989232
      ],
      "name": "CINEMA_4D_Editor",
      "extras": {
        "transformData": {
          "eulerOrder": "ZYX",
          "translation": [
            -39.34042211683016,
            1379.8323266797029,
            2617.5946007989232
          ],
          "rotation": [
            -14.497277580252636,
            2.0523810445207045,
            4.9728067278951405e-17
          ],
          "postRotation": [
            0,
            -90,
            0
          ],
          "parentMatrixWorld": {
            "elements": [
              1,
              0,
              0,
              0,
              0,
              1,
              0,
              0,
              0,
              0,
              1,
              0,
              0,
              -35.06488800048828,
              -27.821099758148193,
              1
            ]
          }
        }
      },
      "camera": 0
    },
    {
      "rotation": [
        -2.081668171172166e-17,
        -4.406197628981089e-16,
        4.3801767768414354e-17,
        1
      ],
      "translation": [
        -3.2169209518428943e-9,
        0.39962190389633356,
        2.2636459373615025e-10
      ],
      "scale": [
        1.0000000000000002,
        1.0000000000000002,
        0.9999999999999999
      ],
      "name": "LeftHandMiddle4",
      "extras": {
        "transformData": {
          "eulerOrder": "ZYX",
          "translation": [
            -3.2169209518428943e-9,
            0.39962190389633356,
            2.2636459373615025e-10
          ],
          "rotation": [
            -2.385416011097637e-15,
            -5.0491305568233316e-14,
            5.019312856684611e-15
          ],
          "scale": [
            1.0000000000000002,
            1.0000000000000002,
            0.9999999999999999
          ],
          "parentMatrixWorld": {
            "elements": [
              0.9226984453498407,
              -0.20235878453922718,
              -0.3281445823798971,
              0,
              0.19248377786519208,
              0.9792968303328626,
              -0.06267003876416555,
              0,
              0.33403277986099267,
              -0.005336961526009303,
              0.9425464393713158,
              0,
              1.7197473667351915e-8,
              0.37506598234176813,
              -3.0604786083188174e-7,
              1
            ]
          }
        }
      }
    },
    {
      "rotation": [
        -0.014620190216707277,
        0.16885813802179336,
        -0.10068659742562648,
        0.9803751263474049
      ],
      "translation": [
        1.7197473667351915e-8,
        0.37506598234176813,
        -3.0604786083188174e-7
      ],
      "scale": [
        1.000000182838225,
        0.9999999101999711,
        1.0000000857757654
      ],
      "name": "LeftHandMiddle3",
      "extras": {
        "transformData": {
          "eulerOrder": "ZYX",
          "translation": [
            1.7197473667351915e-8,
            0.37506598234176813,
            -3.0604786083188174e-7
          ],
          "rotation": [
            -3.804005542752497,
            19.15619418695602,
            -12.369810059942937
          ],
          "scale": [
            1.000000182838225,
            0.9999999101999713,
            1.0000000857757654
          ],
          "parentMatrixWorld": {
            "elements": [
              0.969221866150263,
              -0.19286148384174015,
              -0.15301492572833467,
              0,
              0.17745062615771545,
              0.978096878206435,
              -0.10880107387243214,
              0,
              0.17064694973380332,
              0.07829978180937094,
              0.9822162266473359,
              0,
              -8.178595400920585e-8,
              0.4587060213088785,
              2.745815201876667e-7,
              1
            ]
          }
        }
      },
      "children": [
        1
      ]
    },
    {
      "rotation": [
        -0.04719274244373199,
        0.08163773783429105,
        -0.09340439971252627,
        0.9911527344139659
      ],
      "translation": [
        -8.178595400920585e-8,
        0.4587060213088785,
        2.745815201876667e-7
      ],
      "scale": [
        1.0000000726345393,
        0.9999999507783656,
        0.9999999765870882
      ],
      "name": "LeftHandMiddle2",
      "extras": {
        "transformData": {
          "eulerOrder": "ZYX",
          "translation": [
            -8.178595400920585e-8,
            0.4587060213088785,
            2.745815201876667e-7
          ],
          "rotation": [
            -6.320941917412971,
            8.801685915338822,
            -11.254052614922863
          ],
          "scale": [
            1.0000000726345393,
            0.9999999507783656,
            0.9999999765870883
          ],
          "parentMatrixWorld": {
            "elements": [
              0.9890074346228748,
              -0.014391295805795207,
              0.1471637082052427,
              0,
              0.013550110289117784,
              0.9998855694215193,
              0.006716935837299384,
              0,
              -0.14724353859239475,
              -0.004649015162259323,
              0.9890892991949454,
              0,
              -6.208867358026282e-7,
              1.1440229415893155,
              4.815407406155714e-7,
              1
            ]
          }
        }
      },
      "children": [
        2
      ]
    },
    {
      "rotation": [
        0.0028493406733801287,
        -0.07380522060116514,
        -0.00700465658485027,
        0.9972440049736417
      ],
      "translation": [
        -6.208867358026282e-7,
        1.1440229415893155,
        4.815407406155714e-7
      ],
      "scale": [
        0.9999999860735037,
        0.9999999373266408,
        0.9999999573905676
      ],
      "name": "LeftHandMiddle1",
      "extras": {
        "transformData": {
          "eulerOrder": "ZYX",
          "translation": [
            -6.208867358026282e-7,
            1.1440229415893155,
            4.815407406155714e-7
          ],
          "rotation": [
            0.38909142654799156,
            -8.462595005558027,
            -0.8336664546106433
          ],
          "scale": [
            0.9999999860735036,
            0.9999999373266409,
            0.9999999573905675
          ],
          "parentMatrixWorld": {
            "elements": [
              0.9576691515242628,
              -0.1156504714489954,
              -0.2636188500826411,
              0,
              0.08193281129487463,
              0.9873806657866071,
              -0.13552336493344147,
              0,
              0.27596545221017665,
              0.1081874949467408,
              0.9550594185268837,
              0,
              -5.176965327535754e-7,
              2.9034073352812673,
              7.602723055555316e-7,
              1
            ]
          }
        }
      },
      "children": [
        3
      ]
    },
    {
      "rotation": [
        6.938893903907231e-18,
        1.7347234759768063e-18,
        -4.336808689942016e-19,
        1
      ],
      "translation": [
        1.0308317222040841e-7,
        0.3714201450347794,
        -6.146572140153239e-10
      ],
      "scale": [
        1.0000000000000004,
        0.9999999999999997,
        0.9999999999999994
      ],
      "name": "LeftHandRing4",
      "extras": {
        "transformData": {
          "eulerOrder": "ZYX",
          "translation": [
            1.0308317222040841e-7,
            0.3714201450347794,
            -6.146572140153239e-10
          ],
          "rotation": [
            7.951386703658796e-16,
            1.987846675914697e-16,
            -4.9696166897867425e-17
          ],
          "scale": [
            1.0000000000000004,
            0.9999999999999997,
            0.9999999999999994
          ],
          "parentMatrixWorld": {
            "elements": [
              0.8797161137813722,
              -0.2829520860027735,
              -0.3821491227992464,
              0,
              0.3398707282624905,
              0.9362341743327485,
              0.08918074544028418,
              0,
              0.3325471632480461,
              -0.2083350223991716,
              0.9197873455842565,
              0,
              -0.0000012927771102511088,
              0.356518656015405,
              -1.3078087945928019e-7,
              1
            ]
          }
        }
      }
    },
    {
      "rotation": [
        0.07696474637129933,
        0.18488570110324648,
        -0.16111884219431633,
        0.9664028269999656
      ],
      "translation": [
        -0.0000012927771102511088,
        0.356518656015405,
        -1.3078087945928019e-7
      ],
      "scale": [
        1.0000001379380679,
        0.9999998732377338,
        0.9999999292196567
      ],
      "name": "LeftHandRing3",
      "extras": {
        "transformData": {
          "eulerOrder": "ZYX",
          "translation": [
            -0.0000012927771102511088,
            0.356518656015405,
            -1.3078087945928019e-7
          ],
          "rotation": [
            5.537974142346618,
            22.466864686049888,
            -17.82987935110691
          ],
          "scale": [
            1.0000001379380676,
            0.9999998732377338,
            0.9999999292196567
          ],
          "parentMatrixWorld": {
            "elements": [
              0.9599170932904254,
              -0.14819338903227358,
              -0.23790397130647695,
              0,
              0.15659214163447088,
              0.987522075434824,
              0.01669257686285914,
              0,
              0.23246166705859753,
              -0.053277376066070976,
              0.9711451279839292,
              0,
              -4.930242027967324e-7,
              0.4272531867027194,
              1.5976576994702896e-7,
              1
            ]
          }
        }
      },
      "children": [
        5
      ]
    },
    {
      "rotation": [
        0.017673275297697705,
        0.11880670986035369,
        -0.07698387171528093,
        0.9897707333156172
      ],
      "translation": [
        -4.930242027967324e-7,
        0.4272531867027194,
        1.5976576994702896e-7
      ],
      "scale": [
        1.000000203053681,
        0.9999997952075265,
        0.9999998825295281
      ],
      "name": "LeftHandRing2",
      "extras": {
        "transformData": {
          "eulerOrder": "ZYX",
          "translation": [
            -4.930242027967324e-7,
            0.4272531867027194,
            1.5976576994702896e-7
          ],
          "rotation": [
            0.9847345019819562,
            13.762861154638124,
            -8.776120705998407
          ],
          "scale": [
            1.000000203053681,
            0.9999997952075264,
            0.9999998825295281
          ],
          "parentMatrixWorld": {
            "elements": [
              0.9837457874298298,
              0.013143107606481477,
              0.17908466340475387,
              0,
              0.04340198747757221,
              0.9503434832368757,
              -0.3081614470007128,
              0,
              -0.17424217011708068,
              0.310925206054634,
              0.9343261127079,
              0,
              -0.09462747256835513,
              1.0813285252263674,
              -0.29866296261638414,
              1
            ]
          }
        }
      },
      "children": [
        6
      ]
    },
    {
      "rotation": [
        -0.1573819369083857,
        -0.08982145357302389,
        -0.007692301503550999,
        0.9834143892126921
      ],
      "translation": [
        -0.09462747256835513,
        1.0813285252263674,
        -0.29866296261638414
      ],
      "scale": [
        0.9999999161151392,
        0.9999999730326867,
        1.0000000512475395
      ],
      "name": "LeftHandRing1",
      "extras": {
        "transformData": {
          "eulerOrder": "ZYX",
          "translation": [
            -0.09462747256835513,
            1.0813285252263674,
            -0.29866296261638414
          ],
          "rotation": [
            -18.253701436959556,
            -10.316449460440268,
            0.7654414429167595
          ],
          "scale": [
            0.9999999161151392,
            0.9999999730326867,
            1.0000000512475395
          ],
          "parentMatrixWorld": {
            "elements": [
              0.9576691515242628,
              -0.1156504714489954,
              -0.2636188500826411,
              0,
              0.08193281129487463,
              0.9873806657866071,
              -0.13552336493344147,
              0,
              0.27596545221017665,
              0.1081874949467408,
              0.9550594185268837,
              0,
              -5.176965327535754e-7,
              2.9034073352812673,
              7.602723055555316e-7,
              1
            ]
          }
        }
      },
      "children": [
        7
      ]
    },
    {
      "rotation": [
        0,
        0,
        1.8431436932253575e-18,
        1
      ],
      "translation": [
        1.4796405434225335e-7,
        0.3620350360870166,
        -5.962297322525956e-10
      ],
      "scale": [
        1,
        0.9999999999999998,
        0.9999999999999998
      ],
      "name": "LeftHandPinky4",
      "extras": {
        "transformData": {
          "eulerOrder": "ZYX",
          "translation": [
            1.4796405434225335e-7,
            0.3620350360870166,
            -5.962297322525956e-10
          ],
          "rotation": [
            0,
            0,
            2.1120870931593667e-16
          ],
          "scale": [
            1,
            0.9999999999999998,
            0.9999999999999998
          ],
          "parentMatrixWorld": {
            "elements": [
              0.8579264112557611,
              -0.28275274459525684,
              -0.428968057336516,
              0,
              0.33044673233906846,
              0.943005892116533,
              0.039307064321048385,
              0,
              0.39340511548826873,
              -0.17547361248365326,
              0.9024641294692312,
              0,
              7.878140841910408e-7,
              0.30336999893188477,
              -1.0407786898980476e-7,
              1
            ]
          }
        }
      }
    },
    {
      "rotation": [
        0.05580397116392571,
        0.21366766201193402,
        -0.15932048857433345,
        0.9622104909702063
      ],
      "translation": [
        7.878140841910408e-7,
        0.30336999893188477,
        -1.0407786898980476e-7
      ],
      "scale": [
        1.0000002179606784,
        1.0000001003927976,
        1.0000000392745285
      ],
      "name": "LeftHandPinky3",
      "extras": {
        "transformData": {
          "eulerOrder": "ZYX",
          "translation": [
            7.878140841910408e-7,
            0.30336999893188477,
            -1.0407786898980476e-7
          ],
          "rotation": [
            2.4939564427412835,
            25.40208235150793,
            -18.24102708369516
          ],
          "scale": [
            1.0000002179606784,
            1.0000001003927976,
            1.0000000392745283
          ],
          "parentMatrixWorld": {
            "elements": [
              0.9563167196844837,
              -0.157159589643163,
              -0.24649464191618262,
              0,
              0.1419904082313934,
              0.9867689341939857,
              -0.07826701300307128,
              0,
              0.25553360921538315,
              0.03984816933250913,
              0.9659785670904334,
              0,
              -1.731586554143405e-7,
              0.2953957617282752,
              2.9094620224157097e-7,
              1
            ]
          }
        }
      },
      "children": [
        9
      ]
    },
    {
      "rotation": [
        -0.02987028389732401,
        0.1269584854360935,
        -0.07565237592282642,
        0.9885676644180194
      ],
      "translation": [
        -1.731586554143405e-7,
        0.2953957617282752,
        2.9094620224157097e-7
      ],
      "scale": [
        1.0000002067291216,
        0.999999965422237,
        0.9999999470579383
      ],
      "name": "LeftHandPinky2",
      "extras": {
        "transformData": {
          "eulerOrder": "ZYX",
          "translation": [
            -1.731586554143405e-7,
            0.2953957617282752,
            2.9094620224157097e-7
          ],
          "rotation": [
            -4.632188583745086,
            14.270176622113363,
            -9.332480707167264
          ],
          "scale": [
            1.0000002067291216,
            0.999999965422237,
            0.9999999470579383
          ],
          "parentMatrixWorld": {
            "elements": [
              0.9829541174813371,
              0.11030936402578266,
              0.14708228086432248,
              0,
              -0.05068345263202374,
              0.931590262637177,
              -0.35995920542012244,
              0,
              -0.17672732159175294,
              0.34636880389263836,
              0.9213014997999244,
              0,
              -0.01397211408387733,
              0.9094599176503015,
              -0.6130970327457055,
              1
            ]
          }
        }
      },
      "children": [
        10
      ]
    },
    {
      "rotation": [
        -0.18032080859102065,
        -0.08266641550036816,
        0.04110038831834596,
        0.9792657595451207
      ],
      "translation": [
        -0.01397211408387733,
        0.9094599176503015,
        -0.6130970327457055
      ],
      "scale": [
        1.0000000751047664,
        0.9999999296888941,
        1.0000001740202857
      ],
      "name": "LeftHandPinky1",
      "extras": {
        "transformData": {
          "eulerOrder": "ZYX",
          "translation": [
            -0.01397211408387733,
            0.9094599176503015,
            -0.6130970327457055
          ],
          "rotation": [
            -21.340954235168514,
            -8.457877477063873,
            6.403073614330449
          ],
          "scale": [
            1.0000000751047664,
            0.9999999296888941,
            1.0000001740202857
          ],
          "parentMatrixWorld": {
            "elements": [
              0.9576691515242628,
              -0.1156504714489954,
              -0.2636188500826411,
              0,
              0.08193281129487463,
              0.9873806657866071,
              -0.13552336493344147,
              0,
              0.27596545221017665,
              0.1081874949467408,
              0.9550594185268837,
              0,
              -5.176965327535754e-7,
              2.9034073352812673,
              7.602723055555316e-7,
              1
            ]
          }
        }
      },
      "children": [
        11
      ]
    },
    {
      "rotation": [
        0,
        0,
        1.5178830414797054e-18,
        1
      ],
      "translation": [
        -1.0707474107363169e-7,
        0.3991856575012065,
        2.3837387619352057e-9
      ],
      "scale": [
        1.0000000000000007,
        1.0000000000000007,
        1.0000000000000007
      ],
      "name": "LeftHandIndex4",
      "extras": {
        "transformData": {
          "eulerOrder": "ZYX",
          "translation": [
            -1.0707474107363169e-7,
            0.3991856575012065,
            2.3837387619352057e-9
          ],
          "rotation": [
            0,
            0,
            1.7393658414253597e-16
          ],
          "scale": [
            1.0000000000000007,
            1.0000000000000007,
            1.0000000000000007
          ],
          "parentMatrixWorld": {
            "elements": [
              0.9417022861487867,
              -0.18584218619680656,
              -0.28046272999749317,
              0,
              0.13495649501169757,
              0.9722488232528751,
              -0.19109849981822177,
              0,
              0.30819375888228656,
              0.14210764405461157,
              0.9406496616224502,
              0,
              -4.130375312882961e-7,
              0.32126620411870377,
              2.2096571949958843e-7,
              1
            ]
          }
        }
      }
    },
    {
      "rotation": [
        -0.08485810856022054,
        0.14991402368038928,
        -0.08169827857865765,
        0.9816569045205261
      ],
      "translation": [
        -4.130375312882961e-7,
        0.32126620411870377,
        2.2096571949958843e-7
      ],
      "scale": [
        0.9999999284129508,
        0.9999998332475949,
        0.9999998807115805
      ],
      "name": "LeftHandIndex3",
      "extras": {
        "transformData": {
          "eulerOrder": "ZYX",
          "translation": [
            -4.130375312882961e-7,
            0.32126620411870377,
            2.2096571949958843e-7
          ],
          "rotation": [
            -11.48369047811346,
            16.2878250118159,
            -11.163702668533766
          ],
          "scale": [
            0.9999999284129509,
            0.9999998332475949,
            0.9999998807115805
          ],
          "parentMatrixWorld": {
            "elements": [
              0.9423934239514982,
              -0.2911059592350749,
              -0.1647790884946369,
              0,
              0.2728231548603026,
              0.953918982773848,
              -0.12492333620080351,
              0,
              0.19355181809293837,
              0.07277137599512487,
              0.9783873719872639,
              0,
              -2.167248638329511e-7,
              0.47248533368110657,
              -7.14589276640254e-8,
              1
            ]
          }
        }
      },
      "children": [
        13
      ]
    },
    {
      "rotation": [
        -0.05021645740205813,
        0.09101966608666852,
        -0.14324368706359544,
        0.984212870220607
      ],
      "translation": [
        -2.167248638329511e-7,
        0.47248533368110657,
        -7.14589276640254e-8
      ],
      "scale": [
        1.0000000965071576,
        0.9999998697258717,
        0.9999999145577215
      ],
      "name": "LeftHandIndex2",
      "extras": {
        "transformData": {
          "eulerOrder": "ZYX",
          "translation": [
            -2.167248638329511e-7,
            0.47248533368110657,
            -7.14589276640254e-8
          ],
          "rotation": [
            -7.276320255563026,
            9.48440059084659,
            -17.16595367305561
          ],
          "scale": [
            1.0000000965071574,
            0.9999998697258715,
            0.9999999145577213
          ],
          "parentMatrixWorld": {
            "elements": [
              0.9724631162955442,
              -0.0898658762051502,
              0.21503368295812608,
              0,
              0.04931577585664179,
              0.981121178221167,
              0.1870011280047812,
              0,
              -0.22777910979461033,
              -0.1712471386558333,
              0.9585359183709745,
              0,
              0.12106689344687815,
              1.1443004454350323,
              0.3283855366359516,
              1
            ]
          }
        }
      },
      "children": [
        14
      ]
    },
    {
      "rotation": [
        0.0905624122245243,
        -0.11193968564131886,
        -0.03518405564386255,
        0.9889540123276955
      ],
      "translation": [
        0.12106689344687815,
        1.1443004454350323,
        0.3283855366359516
      ],
      "scale": [
        0.9999999365339461,
        1.00000011698874,
        1.0000000060819614
      ],
      "name": "LeftHandIndex1",
      "extras": {
        "transformData": {
          "eulerOrder": "ZYX",
          "translation": [
            0.12106689344687815,
            1.1443004454350323,
            0.3283855366359516
          ],
          "rotation": [
            11.039195929074255,
            -12.417504217500358,
            -5.279740870287892
          ],
          "scale": [
            0.9999999365339461,
            1.00000011698874,
            1.0000000060819614
          ],
          "parentMatrixWorld": {
            "elements": [
              0.9576691515242628,
              -0.1156504714489954,
              -0.2636188500826411,
              0,
              0.08193281129487463,
              0.9873806657866071,
              -0.13552336493344147,
              0,
              0.27596545221017665,
              0.1081874949467408,
              0.9550594185268837,
              0,
              -5.176965327535754e-7,
              2.9034073352812673,
              7.602723055555316e-7,
              1
            ]
          }
        }
      },
      "children": [
        15
      ]
    },
    {
      "rotation": [
        1.1102230246251568e-16,
        1.3877787807814457e-16,
        1.595945597898662e-16,
        1
      ],
      "translation": [
        -7.040322280715827e-8,
        0.4325606524944279,
        -1.9393135985978915e-9
      ],
      "scale": [
        1.0000000000000002,
        0.9999999999999996,
        1
      ],
      "name": "LeftHandThumb4",
      "extras": {
        "transformData": {
          "eulerOrder": "ZYX",
          "translation": [
            -7.040322280715827e-8,
            0.4325606524944279,
            -1.9393135985978915e-9
          ],
          "rotation": [
            1.2722218725854073e-14,
            1.590277340731758e-14,
            1.8288189418415217e-14
          ],
          "scale": [
            1.0000000000000002,
            0.9999999999999996,
            1
          ],
          "parentMatrixWorld": {
            "elements": [
              0.9979864692958876,
              0.05652757865829674,
              -0.02876429908437878,
              0,
              -0.06072104871375211,
              0.9825440874898874,
              -0.17584112903689447,
              0,
              0.01832231954857086,
              0.1772336737213671,
              0.9839981619139815,
              0,
              -6.465997888227548e-7,
              0.6643186807632384,
              2.269855770009599e-8,
              1
            ]
          }
        }
      }
    },
    {
      "rotation": [
        -0.08866269885092798,
        0.011824199807429865,
        0.02944299605102734,
        0.9955562385495471
      ],
      "translation": [
        -6.465997888227548e-7,
        0.6643186807632384,
        2.269855770009599e-8
      ],
      "scale": [
        0.9999998724742205,
        1.0000000161396014,
        0.9999999325722507
      ],
      "name": "LeftHandThumb3",
      "extras": {
        "transformData": {
          "eulerOrder": "ZYX",
          "translation": [
            -6.465997888227548e-7,
            0.6643186807632384,
            2.269855770009599e-8
          ],
          "rotation": [
            -10.131846722370074,
            1.6483004982145308,
            3.2418622808259396
          ],
          "scale": [
            0.9999998724742205,
            1.0000000161396014,
            0.9999999325722507
          ],
          "parentMatrixWorld": {
            "elements": [
              0.9882704687676351,
              0.13102844337323857,
              -0.07844258470807032,
              0,
              -0.14873990448109226,
              0.9422888789592232,
              -0.2999468999600753,
              0,
              0.0346139995865687,
              0.30809620398950216,
              0.950725424115411,
              0,
              1.283999866430463e-7,
              0.5929852724075433,
              -0.0000011719626389350424,
              1
            ]
          }
        }
      },
      "children": [
        17
      ]
    },
    {
      "rotation": [
        -0.15431800540398008,
        0.028693139914069514,
        0.07100367310570409,
        0.9850487984539178
      ],
      "translation": [
        1.283999866430463e-7,
        0.5929852724075433,
        -0.0000011719626389350424
      ],
      "scale": [
        1.0000001057533434,
        1.0000000166954666,
        1.0000001159697673
      ],
      "name": "LeftHandThumb2",
      "extras": {
        "transformData": {
          "eulerOrder": "ZYX",
          "translation": [
            1.283999866430463e-7,
            0.5929852724075433,
            -0.0000011719626389350424
          ],
          "rotation": [
            -17.51010502033797,
            4.499050586843821,
            7.552432258294265
          ],
          "scale": [
            1.0000001057533434,
            1.0000000166954666,
            1.0000001159697673
          ],
          "parentMatrixWorld": {
            "elements": [
              0.8745065564964823,
              -0.41726098457509336,
              -0.247248467850481,
              0,
              0.4513441818139946,
              0.5134930095460624,
              0.7298037034000162,
              0,
              -0.17755823423654146,
              -0.7498122061396207,
              0.6373812576090382,
              0,
              -2.8312214794823376e-7,
              1.918524379362907e-7,
              2.980232443050568e-7,
              1
            ]
          }
        }
      },
      "children": [
        18
      ]
    },
    {
      "rotation": [
        0.4253328831160949,
        0.020033267743892177,
        -0.24969069848662323,
        0.8696810690206577
      ],
      "translation": [
        -2.8312214794823376e-7,
        1.918524379362907e-7,
        2.980232443050568e-7
      ],
      "scale": [
        1.000000125729153,
        1.0000000434031968,
        1.000000069286219
      ],
      "name": "LeftHandThumb1",
      "extras": {
        "transformData": {
          "eulerOrder": "ZYX",
          "translation": [
            -2.8312214794823376e-7,
            1.918524379362907e-7,
            2.980232443050568e-7
          ],
          "rotation": [
            48.86734266901702,
            14.314748381706531,
            -25.507618976263903
          ],
          "scale": [
            1.000000125729153,
            1.0000000434031968,
            1.000000069286219
          ],
          "parentMatrixWorld": {
            "elements": [
              0.9576691515242628,
              -0.1156504714489954,
              -0.2636188500826411,
              0,
              0.08193281129487463,
              0.9873806657866071,
              -0.13552336493344147,
              0,
              0.27596545221017665,
              0.1081874949467408,
              0.9550594185268837,
              0,
              -5.176965327535754e-7,
              2.9034073352812673,
              7.602723055555316e-7,
              1
            ]
          }
        }
      },
      "children": [
        19
      ]
    },
    {
      "rotation": [
        -0.06170303035058442,
        0.13661265206650033,
        -0.050024388877973634,
        0.9874346965031648
      ],
      "translation": [
        -5.176965327535754e-7,
        2.9034073352812673,
        7.602723055555316e-7
      ],
      "scale": [
        1.000000066723233,
        1.0000000735893813,
        0.9999999788966636
      ],
      "name": "LeftHand",
      "extras": {
        "transformData": {
          "eulerOrder": "ZYX",
          "translation": [
            -5.176965327535754e-7,
            2.9034073352812673,
            7.602723055555316e-7
          ],
          "rotation": [
            -8.076376461350234,
            15.284899744623992,
            -6.88583445818215
          ],
          "scale": [
            1.000000066723233,
            1.0000000735893813,
            0.9999999788966637
          ],
          "parentMatrixWorld": {
            "elements": [
              0.968651473704993,
              -0.24831349773867178,
              0.007407260939841454,
              0,
              0.2475626217806639,
              0.9673445344883183,
              0.05437994669568673,
              0,
              -0.020668647807343437,
              -0.05084145370934689,
              0.9984928325671092,
              0,
              1.6257017421139608e-7,
              3.124053239822259,
              8.853050150747777e-7,
              1
            ]
          }
        }
      },
      "children": [
        4,
        8,
        12,
        16,
        20
      ]
    },
    {
      "rotation": [
        0.02652344540185906,
        -0.007077170562019924,
        -0.12499684103024042,
        0.9917772987083903
      ],
      "translation": [
        1.6257017421139608e-7,
        3.124053239822259,
        8.853050150747777e-7
      ],
      "scale": [
        1.0000000690923472,
        0.9999999393549796,
        0.9999999915526764
      ],
      "name": "LeftForeArm",
      "extras": {
        "transformData": {
          "eulerOrder": "ZYX",
          "translation": [
            1.6257017421139608e-7,
            3.124053239822259,
            8.853050150747777e-7
          ],
          "rotation": [
            3.1173649128264387,
            -0.4244086413829245,
            -14.378138018516603
          ],
          "scale": [
            1.0000000690923472,
            0.9999999393549796,
            0.9999999915526764
          ],
          "parentMatrixWorld": {
            "elements": [
              0.6029395264888273,
              -0.3871678593052694,
              -0.6975422864909779,
              0,
              -0.14723479516237278,
              0.8053253559337636,
              -0.5742587647181888,
              0,
              0.7840829872771703,
              0.448945780737011,
              0.4285578867319712,
              0,
              -1.1900451069024598e-8,
              1.7390042543410185,
              0.0000017448911577844228,
              1
            ]
          }
        }
      },
      "children": [
        21
      ]
    },
    {
      "rotation": [
        -0.3037500317381059,
        0.4398374788176854,
        -0.07122688380493285,
        0.8421434803344621
      ],
      "translation": [
        -1.1900451069024598e-8,
        1.7390042543410185,
        0.0000017448911577844228
      ],
      "scale": [
        1.00000013266232,
        1.000000071336002,
        1.0000001536296024
      ],
      "name": "LeftArm",
      "extras": {
        "transformData": {
          "eulerOrder": "ZYX",
          "translation": [
            -1.1900451069024598e-8,
            1.7390042543410185,
            0.0000017448911577844228
          ],
          "rotation": [
            -53.2667545802668,
            44.2301449829251,
            -32.70589194968285
          ],
          "scale": [
            1.00000013266232,
            1.000000071336002,
            1.0000001536296024
          ],
          "parentMatrixWorld": {
            "elements": [
              0.018490147005980055,
              -0.11216273819892188,
              -0.9935177479109908,
              0,
              -0.9921969126832927,
              -0.1246026465250427,
              -0.004398605623806271,
              0,
              -0.12330159580698026,
              0.9858466905600177,
              -0.11359145735181218,
              0,
              5.752409635701892e-14,
              3.208928823471073,
              4.440892098500626e-16,
              1
            ]
          }
        }
      },
      "children": [
        22
      ]
    },
    {
      "rotation": [
        0.5605096474218418,
        -0.49256945076095493,
        -0.49812675306894705,
        -0.44167183428545914
      ],
      "translation": [
        5.752409635701892e-14,
        3.208928823471073,
        4.440892098500626e-16
      ],
      "scale": [
        0.999999940395353,
        0.9999999403953662,
        0.9999999999999979
      ],
      "name": "LeftShoulder",
      "extras": {
        "transformData": {
          "eulerOrder": "ZYX",
          "translation": [
            5.752409635701892e-14,
            3.208928823471073,
            4.440892098500626e-16
          ],
          "rotation": [
            -177.78244151846212,
            83.47270137269176,
            -80.638922206179
          ],
          "scale": [
            0.9999999403953531,
            0.9999999403953662,
            0.999999999999998
          ],
          "parentMatrixWorld": {
            "elements": [
              -0.9999999999999887,
              -1.2246468029543316e-16,
              1.5437474466514983e-7,
              0,
              -2.1814953803064683e-8,
              0.9899650358513759,
              -0.1413116745821794,
              0,
              -1.5282561783790962e-7,
              -0.1413116914278474,
              -0.989965153864407,
              0,
              3.781697210716664e-16,
              2.572365283966061,
              2.2351741846282636e-8,
              1
            ]
          }
        }
      },
      "children": [
        23
      ]
    },
    {
      "rotation": [
        -6.938893903907228e-18,
        -7.147005652999508e-35,
        1.0299920638612292e-17,
        1
      ],
      "translation": [
        -7.401937285322902e-8,
        0.39962190389632823,
        -1.8495340814439487e-9
      ],
      "scale": [
        1,
        1,
        0.9999999999999999
      ],
      "name": "RightHandMiddle4",
      "extras": {
        "transformData": {
          "eulerOrder": "ZYX",
          "translation": [
            -7.401937285322902e-8,
            0.39962190389632823,
            -1.8495340814439487e-9
          ],
          "rotation": [
            -7.951386703658792e-16,
            0,
            1.180283963824352e-15
          ],
          "scale": [
            1,
            1,
            0.9999999999999999
          ],
          "parentMatrixWorld": {
            "elements": [
              0.9226983421295718,
              0.20235863392625755,
              0.3281445641901172,
              0,
              -0.1924836483764045,
              0.9792967448414417,
              -0.06266996468870487,
              0,
              -0.3340327338563385,
              -0.005336990739958018,
              0.9425462727533491,
              0,
              -2.0791618560167535e-7,
              0.3750665485859166,
              -1.8566989634649644e-7,
              1
            ]
          }
        }
      }
    },
    {
      "rotation": [
        -0.014620165378420178,
        -0.16885814647707859,
        0.10068653783751581,
        0.9803751313813135
      ],
      "translation": [
        -2.0791618560167535e-7,
        0.3750665485859166,
        -1.8566989634649644e-7
      ],
      "scale": [
        1.0000000511503404,
        0.9999997969116887,
        0.9999999135194606
      ],
      "name": "RightHandMiddle3",
      "extras": {
        "transformData": {
          "eulerOrder": "ZYX",
          "translation": [
            -2.0791618560167535e-7,
            0.3750665485859166,
            -1.8566989634649644e-7
          ],
          "rotation": [
            -3.8040015064706796,
            -19.156195704702643,
            12.369802477868031
          ],
          "scale": [
            1.0000000511503404,
            0.9999997969116887,
            0.9999999135194605
          ],
          "parentMatrixWorld": {
